 9958.729953738903   6503 9759.247243671596 3052   2461 76 2311 891 9546.069694752783 7945 5502.074571996603 9946 489       8701.446097166792 3597 4267.2343703995475 1454 3832.101779242465  9812 907  8744 2244 4580 9342 4520 6697.151959985677  
 6904.145646406735 6344.498132158387 6573 4788 1568 6803.615808971218 
   8357 5435.522838790034 4118.769287001555 1884  
  
 7315 1020.4897758585107 4537.091005287848    2151   	 6246.019722955639 4733.311814353431 1791   5167.778916308842 256.9741874579201   1538 5527.417458914555    2347.297295853059  9696.561224943993 6788.655807263326   3976.3002317275864 1364.1639427524321 1886.624915622609 3942   5301   7960 
 	 928 8132 2474.135954254666  	 7555 3069 4774.395192985032   7993.339117709231   6403.046768519257 9647 8198.289151337183 	   1359 	 	      
 9988.859293592006 8834.068251475668 8039 2563.6702118772214      4920.779439547656 2598 1178 
 
 8107.007665641665 1969.907089214974  3207 3334.7807054359037 9038 1225.642178795857 7050.290022092917 	 7933 4770 4865.1182513493595 6365.439693705185 2784 6241 4328 	 8520.889968029018 7478   8790.581428858683 3663.267274479636 5103 	 2751 4602   2080 3599 	   80.52950229666567 3913 7661.7178677029315  6887 
   3586 3037.527443838143 8849.766056843077 879.1887268350818 1508  406 5680.112147355136 1559   4140 5628.751443394964 3942 	 9548 5336.958508889628 3803.9100973208474 4908.94766762294 2943 9803.989744051743 4934.548160518206 2610.190507261417 4198 	 1868 333.19662510431505 3260  7693 1476 7655 9570 9149 3946 2146.8113087366446 	 4426.708118260945 2487.668476888255 4100.746246254758 8175.307902979152 4900.802502525081 5275 4511 6282.576095797032  8834.470025966057   8461 
 786.1632749284308 
 
 6522.966491168077  3974 4735  9995.929400052579 7971.836633736744   
 9750.9524268997 	 3932.6444104507073 9558.3672362053 2848 9316.180959691646 	 5370 
 6002.519618434785 1844.4816481371895 6457.508038599776 9680 3326.288161787546 5485 	 8919    6868.518642991751 377.29082438504923 4800.352368431669 
 5209.212916398411 8891  
 6034 4670.4455672607255 9558 9803 9107.330710909115 2285.053710522623 3470.575631988303 7021.200594745826 9464.523927964035 	 8523 5161 2731.3439115453853 2265.864637105669 2341.9042943590175 
 1864 1635 9892.000904411238 3885 4381.696192282257 7414.392207137266 563   6102 	 8147 5556   7775.527613184965  	 7296.344059838555 163 3581 45.976221495316324 8122 9462.257274870819 	 	 4395.392422506425   5945   5617 7298 7142 4683 
    2614 5144 9684.354217729386 6238 7975.013271078907 6584 3679 851.6019002450092 4050 8604.711765730664 9941 7210   4204 1163.9216806789786  9471.247378906737 
 4624 1644 5446 2255.366153045143 2419.313295253811 8527.580372184864 2266.677251195034   3401 
 8347.348614922013 7277 9245 	 
 6454 	   5612.68437700882 572.5628764965518 8144.3586695155755 	 5188.5904099815925 7272.207548258906 1485 2037 9603.43981696972     6556.154782918992 6757.290595999887 11.38241391477779   2866.7911637394736 3681 710.6196093542383  	 
 5423 4038 8681 2253.377185023174 5179 7793 1427.9564550173384 5488.497120049126 2438 3207.5373984671164 3372 1305 	 4941.86606051246  4536 147.60454157767722 	 2077.278178233819 3804 988.266707955745 	 1512.6484317676548 7633 1232.448275899709 	 34  8566.489088790624 	 6350.384800520474 6276.435803939094 7535.217447603712  4060 8253.58998104427 	   1568 6301.996621976696 	 21.021273881376423   
 
 6177 4538.634100846923 
 3743 198.19578491099276  3257 4402 6645 6445.982707072012 
 
 	    6545 4337.407555111674 5201.975043434129 125.91071186459746 541.3292398241065 1246 	 2189.9999321327537 
 1971.2662616070586      1085 8076.010378646716 5459.596095961019 
 174.99428737553947 
 2554.262178003527 610.08308106131  5168   9939  1708 1053.6520750606016 6894.413722470119  9066.242274268092 5451.050554050486 7684 843.4448427324537 4321.650768949528 3735.756703542493 	 	 5677.284347000612   4580   9575 5498.558800325527 9661 3038.4593245633105  7502 7166 1380.0766431898214 9937.270196931056 7157   1417 1069 339 
  3839.339886506712   8506.264677260762 7855 9066 4957.787633916211 2934.2599601531906 	 3423 
 7315.383033161488 5932 765.8008187394761 9662 
     4234    948.4524491232282 2662.8859959919027  80  8191.616800910806 5806 2244.625738196184   1866.1582424887736  3157.8081172210914 712.4046512915571 3724.1920706182887    9116 
 	 7189 	 
 6894  772.0692538897123 5477 7172 4049.562826388422 2403 1497 9000 
 1743.5505966062349 8933 8998 8136.054005724812 2937.412146003138   8794.088199553556 3492.2180271962397 4851 7965.295616724214 1949  8403 	 	 9265 	 3637 5487 	 5758 9262 5048 4268    
 3825.06774077344 2290 2295 102.42860470320858 3881 3449.623710367027 2785.9494167654984 5919.901538475307 3509 5321 
 
 
 
 8633 	 
   
 	 8715.701914505276 
 4928 6236.706341330049 	   2775.5893594055146  8132.6770157986075 9224.474274940238 2212.1441247455973  4066.1016679056493 3923.9412495320494 9336.101813643621 1337 	 8575  618 1778.1412420712018   4072 5989 
 
 5957.348109932389 2411  3780 1679.7873717497691 
 	 8344.539672715075 	 	 8798 8748.6184868231   2275.9946236749483 3625.9493445834987 8487.2451438086  2729.645724992046 6560 1726 9781.126784714383 2720.395917826043 	 137 
 3896.59750160543 	 9840  3320.683199464296 9928     5511.198200933719 
 	   719.92487321486 4720.786483049084 2425 9974 7333.889266109962 9916 5560 
 	 	 8479 1488.4042201694326 2118.748421537956 2906.3959508103144 5891.152177035778 1504.1453301723973 2426.006188637313 1543 599.0638226451895 3289 208.879373641746 439.42057962732986 5564  8308.24527414513 	 4001 9337.070706995457 7573 6723 	 7663.931997367068 2831   
 7967.28003346746 1705.1598988593387 5475.546510400635 7200.9728514178005 3624.256658948488 
 5068.942831405901 1482 87 
   
 	 8605 7750.003865183335 	 6027 5618 7768.44209214746   1817.2017962780862 3592 	  1198 9210.927181002964 8081.552713538455  	 2803.4186145534377  5877 259.8754184152252 8679.277492855654 8525 7023 6813.270808725236   3274 4846.154561767836  4276 7924.262871118227 1310.7748036876976 9683.38911886194 6540 	 3820.4256618788577 43.600696640907486 2847.807878465084 90 8337.204914130774 1609 4955.058045200694   9523.960274635983 
 6129 	 6516 6102 1179.604554946092 4035 3234.5256929777834 7165 3746.823390827275 8249   8343.901034998691 3678  2805   
   9935.800957968484 5418 9867.955275638667 
 5644.521276876398 7031   5777.248837020868 8027 
 9820 	 9751.40699162217 2081 5059.4482914037535  7994 2232.9273857238927 1751 	   4560.60115617659 6092.063690523566 1461 6640 
 3151.4984654873324 3451.197277387399 4809 	 8987 
   5844.332516503412 3003 2664.4814163296014 3626.0661138148484 3094 477.9372597975218 3793 8683.410874701227 	   2017 
 28 1960.631229334131 861 9849   4423 601 	 
   7546.480092057039 7195.950065374811    2361 8159.080897873948   4986.167246024404 
 6176   	  8489 3157 6769 3531    940.6430131108445 2714.338898069053 1348.492604571616 4441 9596 
 
 2668   1512 6852.592150676267 6244.721743954862 5564   
   3111.0273620908893 	 3433.0303166898866 9421.470671301264 8760.746056767335 4028 4367.458370840482 3423  	 130 5005 3880.393602298101 2503 	   5158.5532151981415 8248.71238639392 1789   3824.556628499434 3298.9698160559965   
 2365.2443997973337   	 6364.915673278466 8510.82902650956   2610 826.1754777407282 7078.481235422999   8494.837037578496 2325 379 4215.544367124904 6459.534242200593 4499 9046 	 9473 
 
   598 4727 6882.704110243807 
 7198 
  7204.968931385889 2663.581994756313 959.3827592762073 2593.275228206996 
 	 5018.411551981962  8895  8990.725942387988 3093 3574 3973 
 5711.80744625673 8266.248066619582 2029.2479979088262 2437.6687348275705 907.1902393780484 3654 1096.5525871860216 6122   	 	 
 7408.855098587137   7652 7336.195417139684 4141 3054.7917247104892 2888.8300301483805 1106 6818 7107 	 
 	 9942 7309.702172091589 
   
     
   540 	 627  3198 7256.736614121783 1082 9730 6998.438341774375 154 
 	 	 7993 2322.9881906525798 
 6281.628886933294 
 8865.13089771287 	 	   5157.295932366544 4317 7232.890960421237   619.3170607037035 1453.7492030618992 5721 5680.932775845438 3040 447 	 2914.0336490671116 8434 4404.044696436387 1006.0269533634436 1854 5212 9277 9033 2604.470572926949   5233.065117549822 3558 8466 3020.424614863141 5167.837192986847  3284.8190142686585 8605 4838.830704456966 3514 6258.736916109558 8529 	 3003 1202 9508.770091735247 4150.489455136087   6996.279191610196 9836.504601461766 9359.671668876066 5706.183751208331 1388 6622.601965775004 8162 940.3426866981124 3736.2096778289842 
 3532 77.77534571874578  5177.613921844149 1091.8607125546775 
   2396.3207462256332   3000.369914406785 6984.897105405427 	 3082.1904415864756 7282.45257217226 5733 
 3469 7218 9016 	   8823.581432476321  
 4115.470007158934 	 9851 8645.879713886441 289 4104 
 6857.774460377956 1775 	 1421.635624356159 3626 	 7539 5137  9287 1132 4568.108787228857  5563.1378564928655 4187 6204.71568991545 5329 3102.7160062550165  2660.0054564192787 	 
 8565.663440371283  	 3299 3714 1668  
 9336.962616105882 	 9725 7273 9706.011483744995 4509.681475052335  5276 8723.195534396848  3951  7382 4143.5704173059685  6086.983458122159 5605.232244683596 4898 5944 	 5977.006448085912 4628 5257.045567970381 6943.34854280264 8467 
 8513 880 
 63 8591 
   4415 4964.409916571777 	  4274 8305 9164 4539.995457657068 8472.33177286379 3194  4162.358053522837 5659.0497381941195   7096 1211 	   7001.28535280453   
 1856.475307131552   8344 8271 4532.630220454022 3748.186922401464 
 8626.019035407793   8153.261069123346 3604 	 
 8954 1569.812882498608 1943.4487675376233 9684  4622.898912883402  5071.360256737716 2686.7872656196237 2681.6100166320157 2411 7384.947203310185   6798 6970.353969943433 2953.382160136265 7229.912453943128 
 5708.574352685591 4245 3068 2358 
 8941 6608.178877859407 5295.357946206708 7404 3242.104596237302  
 4956 7807.264428260993 2526.6716958450074 9145   5743  3852 3885 4082.19145122807 7568 	 5758.671063470426 1628.0907226574736 9445.018267766483 5821.403295800925   5423 292 907 9463.147985431837 3885.3367158236642 1090 	 
   1179.413460060539 5907.604100648518 2512.4313320016554   2792.68984224432 2762 7685.966199703993 5185.829993432209 7244.263126042644   7747   2232 2388.919016300188 7472.317758542673 
 9468 666 1484 6316   98 2487.4333470221177 1392.7807411761817 7028.724970841532  
 4074.4924072130584 879 7884.107224361256 3539.2433923533426 9461.605473679681 
 	 7377  4291 5517.73589047566 	   7980 5047.141612201639 9096.144785975841  4452 
  4645.638262001063 9519 2674.500503812107 
   7347 	 159.87369571551335   1849 4739 6639.009419292829 4320.140013927158 6094.7751834980945 	 
 7171.461195663166 	 5851.81478001631 3868.3999772424004 5749.0545002931385 2966.60679282051   4726.448768429183 3734.2945070517917 1264.7706714389562 3439 4506 
 7154 531 
 3095.9957691343598   4937.734038344153 6166  5956.272825756437 646 9090 3859.898870124382 
 3795  5431 3893.117105221624 5055.493662408667    1536 1679  8440 	 7851.571595543482 
 	 8561 8724   8174 6752.485059941923 791.47821159687   4741 1847.8052549773117     7573.950314984771 8579.11290761424 	 6172 360.9153560815981 	 8121.848689695026 4143 2176.6936414806837 8642 7193   2923    9107.748784947033 7644 6733 
 409 3054   5944 1171.8236445695086  1368   9639.889295619252 9736.176508107634 9718.39673393215 6124.641804930469 9598     995 848.8596936793025 821.471392459815 4492 103 9664.440248615625 7009 3457 	 	 7427.554399908279  
 8673   9173 4234 153   	 5896.842184692988 3880.6905726474815 1049.7399285950282 
 
 4014.2532630569826 9716.175730164901          5893 9681 2707.803616500054 	 5108 8294 
 5817.148450286751 6910.763580800856 	 7216.489748086472 4899 46 5077.750608918847 9514 5144.875842502329 3207.4497350120355 3726 	 9421.352362188894 1319.1789675700927 6540.043375899683 3134 9858.161304777528 
 2203  3045.2050065171634 	   	   
 3191 8074 3619 6994.174331068257 3974 8121   6101.928154694555 5398.126632744076 1526 8865 
 2147.7138096473204 9499 	  5552  9245.4148774001 	 7555.69224745698 7026 5807.250101264836 6098 
   7226.783801415711 
 6775 8277 1628 2161.9749973674993   9587  	 202.1290219109284 2626 3128 8123.65122712499 	 	 3416.7187800093247 
 7890 	 	 2919 	 2634.118541452537  
 7856 4518.5184995787895 9576.290230751589 5889.835991842464 593  6447 	  9713.952119150765 8483.511289134174 2048 
 
 4152   7203.271858951969 5351.583504947864 
 3847.3923401212073  	 4020 23.136721049216156 
 1087 1067.9683315890754 1746 5333.612080367315 8706.682884098464   
   1433       3316.680851150512 
  	 5305.810354360017  112   
 5668 4058 2717 9579.825085221137 2561 3253.1427054975384 8653 5054.799832917216 2931.454447873566 9502 7490 3524 5869 8192.027097825729 6660 1301 319.15723834939126 	 9515.598596607822 8311 9788 	 3733 4401.7503700881125 	 446.8678984411223 9874 137.6597670529134 6802 7847 
 710.6727568358484    9537 1062.0284330864827   
 3649.291084815052 9028.868557698152 5686.047154384966 4185 2398     6734 2504 	 303 7372 6759 4595 
 
 	 
 8525.885510545124 5155 
 6799.1521466117 5891 
 
 	 
 3179 	 
 2372.759833802617 	 2120 9232.02992810507 1077.455982663217   3885 7194.81478895433 5405.46778890468   	 5699.9751239050465   
 3311 8055.392000457745   2446.8265194473106 2854.6858406320143   	 1237 9817.222007594686   3747 977.8929565163174 4414.503072333981 4993 2753  7505 7110.595680974179 436 9634  3408.284985633514  6247.270518534818 7018.831942282306 8442.178925291317 	 3304 9203.77932594194 9789 9359 	 5586 	 3735.249706249253   3896.331364690343 2627.665278489887 
 6643 6662 6724 194.30968119541814 5359.06949078586 8466  7234.9371957256535 8984 4.1491662465720225 6959 6106 7143 9530.267624316568 5181 1260.5237411728222 3000  9876 7745 3497 7805 7295 3811.721261300656   2787.3892694522883 4675.690057961191 1032.1660498574292 4764 4062.1352587166148     5277.745235630809 6263.656099396196   3720  5522 
   990.7246568708749 9926 3678 3154.0344484213547 61.859714954680676 4047 3444 	 9407 	 919 3179 9127.27614645864 2399 6913 1679 3900.312873020696 
 5454.68252500624 5495 7299 8626.53639864081 
 	 8164 7504.759290569073 
     5962.421323056551 2438.1080622276495  9191.88445547473 	 8114.299592249524 265.87074932914567 2493 
 8388 8599 8142 1534 9965    8420 4702.9831962598655  1806 4509 7922 
  
   	 842.8583349817453 6718.550714312159   2034 
  
   6690 4178.3986818053145 2066.18293831342 1812 7374 5202.125135675217 9043 5005 	 9803.463256337827 4898   9220 4837.950866777223 2167  9645.199203725819  8299.757442776963 4933 	 4043 	  7054 4803 3696 6787.426639221142 2610 9052 7270 	 	 	 4378.426537750698 4162.394099660496 9035.446558903359 6078.68664533808 807 3549.5199560183178 6676.521003595804 6529 7096 7499.55035821636 8255 7240 
 	 8209   743.6262777427216 9178 
 8981.517954262386 9736 8057 3188 1831.996235808172 6699 1640.445025499484 
 7009.562425600005 
 4976 
 4134.649229861778 3854.036431120915 7125.964591441385 4084.1764162827744 5769 5340.681145189845 7015.150085082069 5171 6099 	   3890.3212309807345 9239.146514338587 8219.298141127916 6842 7309 8891 5910 8152 3316.040996335824 9638.123068573346 1147.4068961467353 508 2190  7197.441401933149 1422 
     2841 4579 6676.397477357009 3154 5525.923755534319 9440 
 6772.225796135318 684 
 5121 7877.351114731989 6269 5725.557205124635 	 	 6989.674913700757  9883.373582561511 2875  	  4384 1614.3503366387968 1315 4073.3300040806207 1099.0092526905448 6824    3151   8772.682515786844 	 822 2921.3482982676255    8430.742496653616 7119.761425190764 1010 7004 2162.2302136983394  8072.358201558535 	 697.3713293948214 5328.02205491977 3214.978040464216 3265.581271332537 815 5684  8951 5891.939458927963 6490.145457835108 4647.958918387189 2418.761409147645 
 3460.206603254128 249.14945985669013 7214 	 2209 
 8867.699115309497 5001 	   1.585150224906462 5433 
  5008.51649262214 4209 7013 8787.713894650024 
 6182.400801558741 
 7141.114226010999 6597.596608361702 6347.554667526443 216.60138774601157 
 3098 601 3470.183877145008 
 4481 2756  2226.0246992068564 1214   5663.03122661192 8139.156694395619 2939.4920823136404   568 	 1151 7560  
 
 2099 1568     4826.45421260626   7021.39183841047    9320.576575981111 1060.7425154803407   7797.91983096771 	 6023     3555   849 2898 
 9491.090551610678 274 7526 8125 4843.717788840377    6936.593824221674 5386.676599179482 4815 6135.645749151348 7557 923 8032.844365714374 7477   	 	 1812 7725 2718.9769484387784 20.69408877098389 4878.069846743931 7655.95286391907 
 404.7949337533596 8840 5237 	 
 8803  9571.789576143143 3710 5998.342466757524 6756.457600294488 1636.8336333002553 4363 2657 	 8837.290321470788 
 6561.897533559183 	 1327.7667355746437   6446 8321.984468581973  7261.115593286885 6084 2110.5081689344274 7184.928963090974 6916 2072.408992059521   153.63865036784773 1513.5919156889788 8253 3362.551612555141 	   6088.711597737127 
 
 7202.318950644171  8137 3006.062931664598 8775 	 	 3941 	 	 6510 8756   2685.1467361319246 6021.29926819458 8401.552926743829 2094 	 9090 905.9050464032237 3921 6221.122567377195 1385.849549028295   1617.3502389222194 7696.271392861985 8495 9039.673853601442 
  5892 3917.6689865847693 1334 5116.189450540546 6990   557.8647929922187 	 8213.035365496375 7253 8430   687.5317057883667 5699.937020841671  	 	 3255 8171 2982.5866287934246   8782 8890.158256728399   2995.8351067044377 6149 4707 1036  6806.8309507684735 9573.186806263679     6708 5540.722310583025 1860.9531745579989 8642.803345744345    
 8286 7105.638530287431 2218 5367 4283 9780 
 7083 
 1239.140852959434 8975 8651  8989 	 379.29197876523045 3146.050043935763 1922.4655676481696 4060 8127 7814.713706808161 
 5081.255871812482 	 	 1908.8231162653224 1774.328628300571 8635  9865 8195 337.70339704226495 1152.931678194342   2390 227 	 7799.8036549439985 6884 5580.375343785906  2577 1424   7284 9466.714179418319  8483.240423389818   6911.739312587299 6739  8432 439 3239 	 5550 7082   	 8721 5193.731728348416 7323   7036.078567671262 9758.416807780171 3888 6175.5120033979265   2172 	 5028.208944443656 4230.2525388967915 5006.1678646624705   	   6067 
 3238.105934903077 1703 7096 7756.691721826965   6865.698263130028 3638.9150581645413 5200.631873958807 
 24 2911.862533610653 7286.696977806084   8457 5505   6778 680 5421 4123.871691050662 	 1972.5982117865415 1906.8234824294216 8929.917124389756 8439 3032.2774852652524 
 3452  9689 4457.558223041208 2160.0048448349285 4353.754927764912 7365.953028220991 7464.669823253001 8324.752388311825   	 497 5120.938659609365 9406.810039746351 2491 2032.6697147462692 189.7252168732777 2886 9637 2888.578756811172  	 4594.082875168786   8419 7319 7374.927652571088 9477.554355687995 1049 	 
 	 9550   8577.583639579825 4219.244040785409    9947   
 5938 5802 6693 7751.75444663057 7290 
 8556.65869686405 7459.930480336514 3342.7121556686934 5121.348748859913 	   	 4069 5015  1980 2883.6723998601956 1596 7183.642097017744 
 6201 9667.36309633793 7539  1369.7668071263536 1233 	 8112 2431 2649 	 3428.559223783002 8912.386094815749   8016  1554.092674624935 1813 
 7354.846367315231 9701 2776 1530.9476364333507 4343.400692895321 6414.1059576598345 8602.205043781358  482.9909705476565 	 3823.7005059379658 
    4644 
 2990.8363263869874 5910 6871 2264.4489485556805 	 5508 3593.147059090692 5672.705407835836 5394 7215  
 8638 6815.174685862694 6614.20643096028 8347       5948.960790136714 9268  8445 2768.8205430837997 7796.078343026697 475.45799054358963 9049 4103 7678 1613 3939.6421477901454 736 3938 4843.093862981123 7814 3492 	 3790 	 3771.4153891744995 5017 5038.651048952374 3328.051312988247 	 9315.933770508991 6664 
 1943 8378 550.9944172638703 7759 4012.8517435023227 5226 1835.4307341760268 3135.8172971289123 6155.308864286919 4503.967241697008 8464.473247938828 	 4861 5925.026630773868 1832 15.439779589110358 1255 954.5018643568981 165.9529106602775 3781 1508.5109201138391 2330 6525.958205989739 2979 5212.829369599052 
 5759 1717.6469494847213 1254 7078 	  609.9741892917299 5611.7287460146745 699.180851491259 9941.442797466465    	 2967.6890458625026 	 662.4120299005099 4268 	 	 6606 
 	 5683.009345601801 
 	 1388.6500433327476 7718 
  6266 2572 3289 2375 1434.2752652318502   4274.0607487222205 9836 3360 247 8714 
 1442.7657837126485 5565.203177663065 3910 4616 	 2087 	    2040.4341770239143 	 
  1869 8700 1055.3972812038526 
 6800.005289711183 9154 114.39510282967302 4870.372403381241 8243 9976.029399077992 7350 
 
 
 5527.382463083334 5283.71331279335  2562 1058 8427 9799 4377.240108849601 2461 6819.567022405055 9653.647427113687 315 
 8623.659803225144 7177.494599092753 
  1627 2307.2762604395457 3087 7361.2183408284445 8396.40138762205 
   4527.826086896446  9217.589383494695 5071    9934 	 7143 4270 448.12362923564496 4629.852519465587 7043.056549310374 	 8361 6893.876462352318 1932.724403606898 	 0.6454126968480356 1620 	 1752 4296.732124511381 5609  5758.961483309262 7212.529896429003 6133  1327 
 16.079224927696423 	   3719.79116219458 1264.9390702477735 6869 3970.2021802512854 7225   
   2716    6604 	  484 9568.685524793555 6352.573201846882 5253.804376975445  3481.819261281518 3820.2393141683324 	 2990 4512.385723540914 7700 
 3331 5725 7003  5384 3154 9568.879974262014 6008 4617.5675597651525 9462   2755.3478309843804 
 4788.932625697939 2700 8059.244123110651 	 6682 
 
 2504 9092 5065.114603264525   9746.186586827274   5755 4486.945180938883 
 4122 2324 8888   9978.64946696386   378.40587545002745 5609 7714.826685277893 1809  5536.382757548173 5433 4182   4651.821481237216 
 2025 703 7953 3439   5158.16407958884 3473 4664   437.85824354353076 708   8568 9823.082053505565 	 
 8613   7627.007940163871 6705 34   3709.156549475532 7942.158169539575 7546 
 
 8334.943394087633  4575 2291.4696257591204   297.45703211909836   3408 7910    2695.925380025346 	 3417   3110.5787236538054 796.7197997334341 	 2605.3943034599615 4219.510690478355 5035.214578851182 	 
 9906 7705.2566427219035 
 1904 3442.5591027590854 5723.036222690763   5026  9120.69247451615 4912 482.8588996793082    2516.7136868933917 5199.564968491184 5305.861915101566   781 7011.059403020267  4879.1811823745875 8917  
 	  
 6379 2084.7797889682897 1328 6861.021468874048 9701.137144820532 	   7347.435280320894 56.702255495915125 
 8250 3001.8223614229923 4410.921481417581 8577.116208392497 	 8333.208222151452   8753  	 8379 6970 2866.070156086484    982.9822044129155 1907.9417627232242 8003 
 4386 6256.8092011277395 	  	 7519.360059837532 
 1642 1385.7274442269174 7472 1440.6278426401132 6776 4858 1102.6833286251303 2952 607.0790195420806 5224.619127928006 7611 1500 684 6183 	 6264.121461575236 2015.7828555313938 6919.13787373307 8998 3704.3115774233147 6766.3236888729625 5851 1880   3624.759786053575 6478 2445 1543 6630 3116 	   8665.951125082222 6940 	 4293  2882.924429042324 4751.508706822732 1352.121436328605 5901 7975 8368.390189646796 1348.6940005130443 8765 2222.907693533048 9142.540759150288 8744.924839973799 4716.518203645555 8565.283533319096 9180 11 
 
 5042.3995426070005 6569.000936255594 6229 9082 	 1131.7488335676417   	 6520.936947373076 2820.2745668476427  	  8412.14669976075 2785 2548.6337608637477 8041.040528320406 2597 
 135.41129215341786 2016.9743451822962 1334.730025126637   
 112 2850.3579340495266 6137 	 6743  8590.70030418182 18.60175474050374 602.697620846615 1224.9314403210776 7925.636679486081 2586.4530702675215 9436 9291.748600808622 
 6905.138645580082 7498.576742452678 	 	 8160 1644 4259 619 1028  5687.410419141412 6168 3744.861987028365 
      6472 5227.698705875068 848.5494258503722  8248.999970949708 
 	 7893.545597485075 3256 2131.232064405736  5378   1162 
 63.432671231948845 7421   9080    
 9744 9028 112.49259907619047 4729.407059057824 2428.3691488614436 751.1840007007509 1471.8337606912492 
 2583 8456 8096 9042 3541.621697844499 1814.3136279740525 9141 1438 3250 3400.6987535688204  9168.915093642941  6598.5256695729795 393    
 9633.177062568993 8095 576.2965428955836 4682 1136.1927252730586 1238.849776398876 3515 833   4837 	      7160 214 6005 7296.674423129515 5126.78034436974 6895.2349102416365   7861.809439383105 	 6530.177910114282 5852 2893 4178.851755431961 2722 4424.889830503682 	 3955.8066706051686 6606.965659735492 9386.39438530697 4522  9176.834285540499 4714   7988.828931573001 
 5325.076065202436 	 3851 9834 6459.449374742157 3676 7572 4980.6725593689125 1617 1662.4536145542013   1104     6324.5171871283865 8788.140221305279 9196 7903.599826103551 6684 8395.754505675244   714.0091796419912 
  	 5039  8345.268274638272 9730.323709598753  6533.122390224708 9145.907596899207 5726.217613155939 
 8435    7949 3592 8085.052500722447   6971.721526058449 2752 9142 1343 7591.350609434389  8676 3147   9633.262956837358 7132.9136194349085 7068.441392532286 6454 4784   7757.545754604696 5565   6749 
 	   5029 3494 3932 9316.38351914755 
 	 1999.3369035721653    	 8817 3562 6666.222048064327 	 
   	 4521.0104000883475 7196.39309324292 	 5819 103.13815946395354  
 5490.467603645606 6403 4051.315414565314 	 3517.4925734300145 	 
 
  
 5449 5193.3067080167975 7426 4053.297260425618 2328.677259681522 822.2018656498542 
 1660.1608769661136 943  8405 	 5793 9621.334155934743   2847.6532698518854 3825.934691659814 4395.442898185359 5599.941919294833 4531 9588.154450169744 4027 7992.547829292478   2405 
 1440.9766017918168 	    
 1849   6275.079741696951 
 
 	 
 371.771421520487 8266.850797394554 	 
 5806   259.2698507176272 9503.192836810651 
 	 5549.338882003051   5994 2460.5792417606685 1801 1492.9402714940766 	 
 
  
 4078 
 8597 6164.546970435211 8427 7108.599463917582 5047  5433.754663719152 	   772 	 
 4001 4557 4123  9551.389636508642 	 80.38575308794482 	  1419.691445539042 2160 7610.580247179379 6409.7733237029815 1846 160.57278197675328 
 1855 9433 
 1506.0939217376645  4900.575570015577 9711 	 1212.6568588251419 6704 1301   8603.969108553818   
 3140 2344.505865232953 4468.387278234908 258.79867668459957 3047 9033.089668412384 5728.6897530305005 9657 
 
 	 4856.618373483544 8834.787673490124 3821.705211966008 	 6035 
 204 
 2943.420354997307 5569 2834.968143027473  4876 4399   1671.8401830548823 2931 	 790.5664805274926 972 	 6304.439307221395 
 4722 2250  2419.031439522592 4012.248422530843 6930 
  8069   1817.6074104270401 7738 377.4747965605596 5087.360180674137 9420 1848 7624.94394931046 951.6223325142304 1250.118365462445 	 5754.475723767439  2078 
 4763.837340769363 8505.410856913764 
 4149.969041852757 2928 	 	 7825 4952   7684 
 	 2537.2317344379558 6735 6801.237345551205 2817   5457.591612056638 949.8621801537332 3002.395613249811 7839.315483371741 2816.1170805417255 1407.1414619621792 4697.595361628349 8462.971325165647 
 9546.877332285982 9117 7812.4110592234665 4014.1253190976213 4672 9023 
 9208 7989   642 9988.506198310575 9869 5644.49147789899 5706.068929670909 
 
    3265.401808346097 1499.5803085057391 4617 	 5515 4092.1288579051497 729 	 5720.7090625106875 424.61835732123143 4927 8444.864336599669 1759 3158.98285327287  7147.649477943365 4916.077647705044  1934.395609260815 3786 149.28553657273636 
  5139.12488462976  3433.651468897926   3869.532850083958 6756.548776239534  1058 7428.307823721409 2479   9993 5696.64557170305 6059    514 
 7922.646471859615 7977 976 9006 9514 4446.836325541016 2137.209147743112 	 70 7576.159575619469 3188 2480.7687187915385 6005   8754 2525.9914576740925 7786 9167 	 7573.450193327246 	 8503.376038726568 6168   7970.378908015358 6196.710726914487 3715 2991    3605.0627312987026 7021 5812.846305236299 800 1779.5428427568704 6095.097755849252 7925 8847 6353.527914673929 5490.827394099129 5919 2443.864562694137  5345 5975 3204.8177047183945   6877.594095632673 1331 4792.518174474373    5572.881180951146 5278 6189.945799451524  3748 2235 7636 	 3101 	 	   417.41276507672785 6.512844345181179 2347 
 5237 4025 	 3453.3760424908724 8459.360430141782 5324.313066401618  	 1648.8486543969416 
 	   7298 8422.228842244996 6255  4578.800390795548 6900.487451941951 1098 6614.556610483321   5668 5206.094577215148 
 3418.4385961429443 
 932.4475896155593 1944.2101406026745 3499.589667991537 7115   9869 5703.763610183906 6269.312415800061 6794 5378.626480112292 2984 3244 729.1247935157819 7480 3346.1792650006028 	 2810 775.7500176174681 3862 8453 3450.341041605549   3788.2440846489553 
 1330  1338 2044.5765264344184 2850.5660395237464   	 	 8961 9232.286609865165 7119 733.2890009596405 9772   3651.3044354259605 7734 	 3174.0401588086133 2605 8686 6870 7525 7331.699101485446 	 9386 	   3979   887.864631534755 3890    2183.6838970670246  
  2549   5449.814431662949 	 708.4288163743091 	 7643 2374     4681 7703 4002.71450432953   5374.885375987392 8792.022705696663 
 2939 8079 1486.8231647978603 6783.295960898658 
 
 5942.935335999865 6542 2927 6383   7840.35087667153 9546   6682.670974797243 1262.7327627379948 9675.816127376205 1203   1653 3670.0937632889886 4682.414202328643 	  7686.519190313859   504 7106.678920244383 904 2824 3143.723936853121   3504 7946.102005258507 4143 9548.712434663079 	 2672 6251 7325.226740180156   7332.194402367635 2593 6852.530205886367 3811  3878.5177282956797 502 6779.793326849215 7132.4651227411405   1148 7815 868    4152.7285119563785   5201.392335706252 6253 3001.851364482624 8167 9998 3791.592554850202 291.17245963790174 	   2173.4777171701326 4900.616470651154 8634 7740 
 8121 
  5529 7474.917404556623 4202.412361399508 7992.438155498888 7990.681535365187 2948 1520 
 8768 7575 1053.8842700533858 
 558.6533377344249 	  8737.097977327076   5690.338228294425 1601.7700678284984 6203 3458.6489750975447   6863.009634715055 
 9734.894448290435 7943 	 1380 6761.27846683882 3702.9297540937646 6588.608956298622 3416.9201722343014   7031.659444694568 
 225.40129629456507 5986.341517326865 526.4276363779042 4900.8186490052085 2743.385066815822 4851 796.3267734296008 461.62871188285214 4547 	 1661.2262672896682 7954 211 5453.834855948121 3074.4393626151677   2936.8051335476052   8815 
 3081.8974462255524     947 2986 4906   4032 
   2392 3322 	 7997.073683668221 
   3525.502547445891 7447.466129483012   
 	 2031.3369194969043 9109.604251360635  
 8718 3780.5884854925366 831 1211 8464 557.5784881102941 1112.5336811752784 2181 300 	 828 6973 4413 6159   3555 8444 5928.746773290295 8207.390358214148 7334 1351 	  30.781222032028044 4421.252455281846 9555 
 2234.960193223136 2715.068718367335 	 
 5528.642237855192 8518.352186988572   556 8493 5606.904401372233 4769.610213924848   1148 3086 5101.859602244986 3051.383868101395 3235.8663642245688 7271   9605 7291.419425625059 7344  3915  6166.483373411139 4714.776783525016 	 	  
 4410 9002.017772879066 3104.411707882988 3797  9475 6421 9828.81478426573 5097 5917 2410 5598.382966227174 	 3941 5795 8877.193551059654 6381.214464486574 1248 2100.98731105378 7023.857486610115 6966.934269429036   7422 102.17176105658199 
 7787.600373429061  7354 
 8042.739261651305 6004 
 1926.2053040603998 	 9384 7662   8230.45665079035 6429 5022.791957685971 2219  190  8855 6673.955872169107 4823.576031228497 37.68509814468857 1002.6537079188513 8678 8262.848169917097     1178 
  9973.614066315633 9437.64696968653 2152.9548275093193 
 9373.20571227447 9665 2816 2116  5274 
   5881 8814.621398624588 
 9610.493905370511 4790.683339782485  8019    449.4013571098021   8199.989554876614 7943 8377 8661.341761456511 8891.412860786744 2956.821052242059 5989 1214.9962061955666 453.0032943057116 9812.595498693201 2273 	 	 161.92578822145532 2868.1429108469247 5841.21322831014 3643 5367 5189.676854130141 3211.207166532667 782.0777183685445  346 867.5909766144518 3634.0045225167673 5293.60860157716   3176 9303.478432911348 	 6584.76236330948 4437.063670796053 3956.98606255251   251.87348871202443 3757 8489.730882103622 9524.278937057035   3745   6708.659155305217 9439 5966.397706170215 6776.351195288868 3305.8897104957864 	 396 8113 6622 5355 9647.180191426856 7460.377095555061 8936 
 551.1634659204811 2016.1574878755173 1184  
 3078.4768843404786 507 9559 5088.227321864768 546.6377162177095  	 8606.950065047458 5345.443820966123 7723.875972859996 	 2716   4956 5838 6980.535837975356  4386 8980 3972.6684394253584 6760 	 4915.421480325708 2637 2955.3746673178307 8284.66775199411 2527.4133540213306   5099.891308533699 2796.0764752732725 3034 9239.977703714025 
 8098.249438674303 9383 
 
 4430.6287360061415   712.2152483170818 9449 	 5651.2763470437685 424 3808.908837618011 	 9715 
   	  7890   920.0327245156126   7555.204371089242 6955.540859868259 6758.149262435947 1058.8256497219961   397.1427849261921  	 	 5793.011553736112 2921.9554376835877 2429 5475.533094868119 5796.9952152880915  7457.85531350344 	  7879.00931750622  2007 7283   
 8272       8533 890 	 	 9170 1961 
 1085.4369588239088 4562.864842571841 9024   3380.8608429109368 3152 1690.7245822498874 
 2983.387704702837 4429.723185293846 
 5601 2021 7348 822.1622160520858 94.24931198957597 7012  4808.2023295283225 2072 4074 3699   3383   784.9562414769007  4376.474812914805   5131 2508 5084 3883.0824047859637 	 9895.466058758087 1937 371.7609893003781 8173 	 2304 7863.375789340894 7646.261668614843 7865.864555997682 5613 1436.6565231653449 9689.178061255483 3309 3955.6809387083613 944.62959912194 3819 	 	 847 3149 
  6307 
 6855.517813276531 	 7514 624 3385   	 3530 4711.910564944384 
 4754 3453   2706.6502011828065 5865 8444.650445328942 	 6613.671421084718 4560.893134558665  
 1489 2166 2247.5625381187724 4115 4436.0968244374435  6703 6200 3829 3758.1364008452247 4121 214.65608428183458 1955 6855 6708 3767.3999676279736 8483 9222.205574932133 2003.1984067117237 2545 2023 1252 	 6809  9031 5521.470091465637 
 8172.066463915484 9358.119423615422 7963.597485410849 	 
 9606.33202747849 9558 8838 3870 
   3558.184177216548 
 7525.982977862136 7189 	 9399.753066159154 9071.105766166085 8579   5104.985778460174 444.1610268026064  4480.240581953322 6194   2537  8978.884606262252   6362.191940184209 3881 	 6856 6880 1039.6550208943145 8024 5290 4415.283210070004 6260.551727940118    
 4870.78455536032 1013.4528549750931 433.19570202216664 4971 3471.936944070837 4444 3607 5398 	   6391.636857910229 1136 9368 619 7841 2633.7252083121853 	  8513.096906336008 895 5163.850759658863 5074 884 7099 9434.930814263349 5973 113.36598764077111 8625 	 7557 	 8793.023039773663 9195.571044520211 
 1738   9058.688923312251 4518 7596 6897 8530 4072.718061458166 4699 	  	 3762 8933 6184 2229.5672985242322  9259.9229088384 1998.0926934839538 	 1395.7335001925253  5415.984443483162   3379.524459841099 9436 2155.9185396991365  601.2112753595956 2193 6981 
 3021.4030045205986 7431.63458183948 9942.830916564037 1156 
 4085.6751868683227 
 4759.769982566163 7328 4855.743973018277 	 3094 
 3092 6301.411045317933 804 
 8079   5712   5449.405400631336 
 	 
 	  6580.321610447377 3407   5614.641267231432 9210  7243.061040233115 3624 2572.1208689780497 9050.572951894539 
 3637   2314.147037864687 	 	 	 298 6392 2340.0737265370963 	 	 	  2940   4157 9416 	   3126 1830 4356 6507.2057841052065 4691  1190 8591.259982398546 8708.021269793207 9208.329197133475  3546.579711204527 2602 4542.406875756531 	   2164.7428932278644 240 6806 4384.200895857937 4478 3966 	 2383 9736.61412772945 9422.891231246493 7401.949477487419 1869   	 2289.8766450232188 560.5572646654023 4277 9005.923461397804 1352 3375.4158260655286 	 1387 3859.77229619579 7128 	 7556.578156780318 
 1353.5923616584512 
 	  
 765.7654655640766 2458 7752 3513.206381433349 
 8132.1765272869625   5133.976423092929     8670  8320.695579343723 8518  8769 
 5406.579392675396 3113.5845632141713 1719 2997 3105 5250.934626878776 
 5893.902927123999  	 2717.0872485934215 	 50     3308.261965968674  5156  6265.84610514908   6339 1215.1040972402238  
 1118.2937306746178 5490.548907762684 2641 5763 342.5316662349309 8693 1429 1218.816133406153  1232 
 4909 2601.3781188071016 7252.602054090792 6163.991284123369   7824.481521939377 5568 1079 1533.2793174351277   5398.536209277175 8559 6984.420324607138 	 4158 2354 5221 3619.6347552310417   3810 5309.321874996089 5709 	 840.3780592121379 6150 5431.912134425493 5530.585883617586 2030.6455915172462 7731.807103273989 8616 1726 9524.923976403397 1848 	 3497 	 4022.903634338388  4622.969840738225 9967  	 8521.042807677473 513 	 9906 4029.430598432502 
 541  7515.114579091093   	 2892   	 6300 6307 8414 9445.460262780925 7343 137 6411 7099 2643.4115477213613 9870 5388   
 7428.683778529222 987 2734   6424   	 5703.124810355218  9319 	 9370.085460908718 4359.906083293638     
 2002 
  769 9899 782.3379489768423 8481.027637805799 9976    	 3046.7944698156134 9706 1102.903714045922 	 4017.649292972076 7900 5229 350.95017747575395 4704.4354156133895 
 321    
 3521 	 6599.606429443286 4374 1991.2348746047958 4755.369664881554   9630.388409179302 2461.2567492389003  5816 6928.31702269772 3194 4159 7538 	 6445 
 
 8723.55277454913 2994 	   
 4433 4842 9744 1138.246005364034 7446 3112.8894779510774 972 	 9590.755492134735 5215 4082 9398.944003051409 4038 7122 5948 7306.43061571198 	 1006 2513.4602076798383 7260.441676604349 	 4774.5588158713645   3487 
 9833   3075.7965497913174 
 2332 6098   57 254.59691922059991  6783 2887.8100145430576  	 1206 2802.299850115805 3839.113239077063 5291.678451881693 5931.321513700079 1348.6746205928491 5077.640914208725 
 1853.99757463525 1262.4385558939166 2554 3685.121514709866  
 5168 
 5829.779073207179 3729.2732602374467 
 	 7589.574507119705 760.9178847954878 5248.4430761140975 6721.351160764509 
 7461.858048103504 4848.879983518373 
 7745   9598 7638.229026305637 	 	   991.2125664548078 6744.071162471205 6108.713845737567 	 8591.653174613128 7111 
   
 3261.204315172568 1823.9916722585392 7633 	 9719 
 6211 6271 9698 993 
 3413 2950.417588913199 9330.539680258093 2660   	 2936.6778793591807   9012.216854043 8479.817789123525  
 6097 984 6256.784283665778 6405.641253934628 7761 9796.06037775607 4320   2843 3453.4134269777237 809.8668667466092 4742.078188563761   2324.8650781485558 5294 4863.5031992203185 3096.4897333565154 8178.7527134430975 428.0846378409542 9243.288821220773 9171 4321 8897.46370190189   4617.413023411698 3581.4164686844806 4953 1112   2310.9952974811754 1832.9772431913682   9269 4493.931132295164 1775 8927 8359 2757 
 3732 	 8175.764388172004   
 84.92572562072031 2610 4889 	 4264   6960.258191561145 9305.478663219636 896 559.9910580783207 8549 5883 
 3458 7364.517576019427   	   6356 6685 	 3279 8437 2418.367310296138 	 2671.3755217303446 3740 6259 1602.3428988505495 381.77661607030956 9021.193661814134 3611 4762 6982 2935 8850.076216628871 1811 923.7099908270363   6833.496402446303 9323.225420253151 4035 3309.1781412989385 
 	 
 2366.949396118344 9574 5819.943865239096 5735 5034 4960 3064.3304394036118      2588 6450.106612849975 9340 6899.418626114687  3348.33846268897 	  	 7782 7300 1886 5627.635018309633  6979 6362.1665852916185 892   705 9553.325573665423 
 	 7496.1677188469575 7686.530551743398 	    6680 9410 	 	 6908   
 
 8679.757162817155 	   6587.230035148654 623 	 642 177.46673883589858 3357.7399772234485 3469   4370.238297609778 5407 
 3569 1653.1038057011772 8223.025456374544 1213.547679772472 6119 1709 3810.5944802745807 7756.389889257751 5579   3561.007881958642 2719 549.2468833023046  2707.2058208802187 9280.988992155812 
 
 5467 1649 1430 4105.052606663889 
 9551 3076.9739348443804 9377.3198534664   8999.194125466387 4244.743174495184 1133 4441   2343.145488907966 886.5378230067611 	 5403.114764691262    	 3497 
 9660.621340242096 	 6926 
 5178  6767  1534  3724 5573 5172.196247693245 9370   2539.725148444247 8097.818229365605 4234.3504669591985 7445  4968.920407484596 7336.782577165428 8778.058136723763 6408 6607 1624.7120252928282 
 904   8028 8759 3992 203.7630759073661 4069 	 6322.70328750305 3906.8370698807544 5066.553132638804  
 7153.066098259694 
 5334 4349 3514.8059018896392     892.007124598343 5850 4643.753524076487 
 
  	 8073   4249.422937329251 7656 8075.8088334922695 
 4606 2558.359241423801 
 68.966587607735 4195 
 	 	 3823.511899595957 6197.913221242133 
 	 3418.6713139515823 4967.374344105555  9013.140493211074 979.9547841163026   7315.350999072708 6282.471522349594   4527.109692407443 597 5990 2954.754947538789 4507.007132286958 	 8611.298701566033 3699.2204517933446 5264  351 4887   7464.392453589812 4840.653969788681 255.72083593841 861.6658872641935 8299 6696 3027.0594421968613 
 
  9103.349368159514 6746.9067450561515 2289.5162950551353 3292 495 	 9751 	 654.4629640071065 
  	 7210.982976708139 3285.6924988101364 7104 7665 	     1882.648212707958 	 8406 4668.50059714523 105.66067031973603 7653.4380563774885 2312 9573 	 2362 	 6274.101703703284 1734 3808 9728 4036 	  5083 6109 3501.000355366061 518.8571633423422 1017 3307 2748   2466   1140 8840 3479 3688.543927887765 407 942.4217352137975 8402 4638 8840.549866899959 6730.094211771603 4019 8994  4778.380640920098 
 6379   
 2575.094502915699 5022 3518.226175949499   5821  4243.943971164649 7773 8905 9926 
 3809 
 4754   6159 9278.277432967034 	 500.26333357039545 7234 4906 7103 6 
 2244 470.79433668744343 3626 9910.614015709085 4037 
 6418.91923128535    4100 8018.126429678402 733.4202547222857   7912 9961 5194 1511.2628241935356 5795   
 9841 8228 5623 5822 6311.267446617251 6735 3105.219908951483 
 2559.8941453152233  6198  
 835 6851 15 7532.564273063626   	 4989   3558.933894598114   9785.040281032085 
    4640   6406.8340685143785 9554.365226477728 7454 8978.339984690632 9182.80097719738 2271.2909326880135 
 
  1219   2603.3616805241945 172  335 8436.575601795937 1773.930768197738 621.1018596130668 
 4663 529.2598591319575 6660.512005304643 2158.003999349516 4264.554021010769  	 4666.38540937429 9117  
 4291.369660854746 
 7626 267 8854 5722 3434.0903999204675  4465  	 	 
 8160.542679225229   5300 9678 
 5229    2037  3968.0048059861138 7439 	 6170 5126.789976968764 9932.264093991165 2149.9638773765128 
 8430 4384   3351 411.20446063639514 8721.092500350524 8943 6180.769878926711 2214 8198   814   5122.828744579649  7449 6970 1655 1344.7135440702762 	 1610.9283688380992 7064.39034489951 4078.925615476373  
    3545 	 7962 3378.213957314955 6276.586323209959 	   499 4341 	 
 6973.857472755854  	     840 3162 
 9328   6396.236296935598 
      6593 9138 5499 	 1958.143341877897 
 8030 99    1492 8701.712399542072 5661 7710.439752508026 4506.457204398798 4722 6571.414785818424 8912 8507.907760992854 4781.756753607815 5553.974909988943 9993.355040995933 8877 827 7230.943104018248 5620.148876872392 4075 6362.508292839758 
 9049  	 2940 199.6564459019101 6878 1254 	 5533 9591 61 5460.657611877317 2751.7266722213017  697 2592.9063790215955   	 4064.493786929354 6246 3045.6196530379266  9363      8848.139619329299 9015.64785737745 216 9920 33.035834541590425 18.43025874713966 7759 8331.365575285512  	 7248 1665.2380547465973 7116 9854   1120 3494 	 5720 4537.039358385514 7812   7996  4241 3993.127373402229   3618.3146220817907 6192.689242014057 3640.893148841421 4519.176861359686 4738.595085121094 810.6749639504718 7601  1799.2988653894527   8945 6312.000084208119    3142.3180690169515   5368.607708630288 8331.385793206024 2767.568136662276  8741 7272.614526238986 
   9139.282537475654 1768 9681.328830860737 7885.40562279219   6858.111839482346    
 
  5724.179606217949   7511.746966191544 7641 2670.4128938548497 5093.113655429974 9236 5080 8388.734062733833 8442 6597 	 6375 7886.466628356079 6418 6731  760.3202516955954 	 2835 5160.319075773346 6341.655954035489   8562.295003917165 
 	 9648.394225310316 4236 	 
    6012 9982 4689.291067996722  2892.9900235631535 	 17 5492 8148.176948883052  9192   
 
   6250 1154 3092.440464905221 4464.129151801824 5510       
 8502   5235 1661 
 	 1620.180455576834   	 3455 1197 6902 1836.059380458619   2404 3844.175461409186   2112.8098656881357 9908.569624147207   5739.735177610692 1643.823338719096 5421 
 2377 8462 9028 	 4214.930572924148 7613.093180174966  3345 	 9156 7280.362392115441 6696   8097.388233654505 3052   7410.301451737541 5998 	 2815.2159571245807 4547 
 2215.4547601505324 43.8002109708635 1986 8454.432175603622 6266.788016668857 372.807008744408 5737.496526149487 5923.14855814844 9553.470004278388 801.9431855468096 5955.1592034458 8326 2379 3210  6348 	 	 5951.571272198312 	 1369.104333929112 9378.240505725671  8564.532523162643  9592.03773690242 5215 
 3838 6261 9592.089690100622 5972.128033155527 2915 4610 
 5072.564997114142 9056.84338779196 5241.498434304208 6956.477211830108  
 746 6685 
 
 714 748.479912472071 
 1599   4613   3375.7164147977314 3898.4005995536595 4366.848581765222 2195.3136787285575 
 1405.8697309528245 9017.702381211957 9271.112583578386 9882.678684571176 8677.558715690226 6776 	 7309 9712 8165 
 1671 	 1765.6321306546552 9572 2536.7571191960137 
 6594    3791 	 6362 
 900.7737751631872 522  6409.992922711876   346.7796800937495 4401.9321606686435 2720.6492784365423 3366.620752149706 8813.053240679748 	 6612.354192343737 376 3760 	 
 9097 
   
 
 8633.081065439539 
 3967.0938379641075 
 2750 
 1113.788308507897 1772.610670842627 2786.2370234874265 
 
   3404 220   7727.523438807688 5743.446153235767 	 4159.604014443284 9986.691886388704 4704.128256651617 9790 192.2641479933529 520 2776.666071784456  6409 	 3803.260340965611 2973.9353445530915   6256.106327259428 6034.0605641848315 7458.272807204388 8324.92685848069 2463.526687693145 1863.5339529655114 2597 4122.030640523574 
 1634 2778.2577908091653 6785 6195.692717248448 6136.424003424575 2611     8232.007701554738   427.5231755716091 	  1447 4769.43811952111 508 3949 4785.845320592203  7717.119214402999 9916.179129189746 8332.897972041143 3895.459102242419 5156.102050668144 3597.995452504487   329.7351298863527 2925    7466.096607343915 2235.1697969508186 6905 6764 7442 9059.517074765829 9026.125526048569 2517.616113482779 1738.1204581967813 6012 4346  	 9857   9452.895193157112 6333 	 6283 	 9412 6106.439075324572   	   	 9694.442501979305 5273.887182594387     	   
   1915.0977925353818 6339 5530.449577947517 4219.120595298419 6295 4266 
   111.7751482120799 3546.3201512085684 235 7339.196165887342 1646 8258.649584805624 9344 
 8070 6960.2970800226385 6117.141662490896 5225.6296428658425  3297 	 4508   4976 	 9046 	 7033 1.7007105750044271   	 8278.752559882623 1730.4245427572419  4179.309463032818 7161.219005368554 
 4287.663633432737   1324  466 
 4822 8368.65931429896 	 1187 9363 
 7378.451641753023 7853 1056 7727.650566426457 747  
 5594 7273 1598 1758.858104821871 7756  6245   9157.252319873654 9857.94695821426 1553.3406958005912 2470  3074.6585534580786 5430 4063.912466436741 840.868156383644 65 	 809 3225.068814926062 5399 	 2222.991863478089 	 3790.1397265740256 9077.030346383031 730 6770.899367313733 4977 6640 	 
 5984 
  	 	 8681.68636203212 	 2307.9425611989777 
 6155.210138365501   4164.488885241018 6418.14976412673 286 7297 	 8093 7344 382.54879763111705 880.2163715282674 8488 5827  6199.146804121781 5739.310461082356 3060 	   6397.7653453089015   7285  6092 6161 6851.360211481667 6091 3094.0479704335953 8200 6103.483520515651 6641.560115560636 7732 8363.831240922511 
 1305 2069.735543787108  1878.5566819289245 947.6379887581232 1107 3728.138969370818 3673 3684.8106494002477 2817.035730763381 2724     7910 3075.445017572578 5658  5093 4696     
 	 8732 5230.325164789967 4016.12358685606 9922.386203819598 9230 
 5061 
 4297 9708 7207.7775135810225 
 
 4565  1286 6595 5054.265910267066 	 9530  3140 8987.81623273431 1878 698 1774.9711177247873 9527 6806 	 1254.4725598166074 	 2477 2732.8710506436605 4373.926736904138 	 6748 1214.8836259789352  5861 1503.587846217579 206.95822506275107 5766 4413 3521 5444 2275 9736 991 9019.821465921239 933 8026.470805625761  5651 6620.59492018769 
 5407 8391 7078.562286263748 2327.843795151747 8246.05367011152 4698 2693.6159035350724       6020.263115579913 5634 2612  
   6139 
 1238.0826145428114  1788.9128636927787 3359.352846370839 7062  8388   7718 	 7090 4629 2701.8673534916747   
 4818.753309529568 9853 6932.507263087575 6764.534192992027  3270 4154.077368460578 8464  9551.273207961916 7580 8836 1488 5889 1080.538112225179 
 
  3980  3714 
 4683.768473372844 4025 6290 2115.962091133474 1840 5778 9337 8908 
   9032 7531.524996189392   9436 7034 3020.044204983052 6876 
 2051.566672861832 9810.703655124082    	  
 5408 3719.3017977150143 5482 4907   2656 9182.572550583276 6044 2910 
   4674.325549060712 7739  6516.944457033111 6297.887953288162 	 7596.215684321996 7489.892980048874 5248   905 9684 9311   2223.4304933213234 323.320144673116 4472.030694508104 4384     
 4472   8135 8387 9008.414034893232  807     5750.6281611504355 
 7202.8203778002035 25 3490.83303316122 5452 1345    
 5850 
 3456.854007429895   206.48790047328114 7858 3094.690339164458 	  	 1769.9619301002267 9209.216377853429 2804     9612.45701662521 4562.472948364441 5457 2156 246  3298.546793317955 3802.4575047511976 4560.585843407036 4577.9101984712415 
 4068 	 	 6473  8272 	 7287 8325.514595242024 774 9424.345183643049  	  8253  9771.950417373933 2587 9872 904.8101937146536 	   6773 9250 7368   8938.0172186823 3813 4597.209392290479 6168.04165211935 8629 3212 4316 54 7354 6756 9216 2917.081276031083 6517.989841257507 3978 7074.9009552102725 
 	 
 406 
 772.0315599784122 3182.7335170497595 145 3736.761398301821 1817 
 6191.666261958763  4673 4955   5272   9206.784044541238 	 570   5554.56066620997 5737 2713 906.8716129336374  4094.6513172517207   6771   3068.7234887053205 8133.683790763645 961 7391.440283546106 4976.686623287765 6662.366313148692 7205.257801316279 1623 
 6519.204319250077   7717   4307 5243.479437460867 4105  6753.563412334726 9958 5125 5800.1339205038175 6036.001788225937 2098.226382046452 1096.696253049607 1853.7889811482132 6591 527.1544514105519 409.83398290319053 
 4904.614189104503 2599.5296128884306 7375  5877.301061703335 1371.6101216105437 	  3754.1961193989173 438.6314554285209    1918.9688419684726 8885.302870456124 9927.22308082992 	 	 6058 
 7621 4566   3494   3299 5732 9883 4024.4406573988645 6842.321121521744 807.4791450196639 8401.108871866823 3431 7875.825239903084 4603 9693  1195 4000 8887 3491.7563677055696 1550 5580.121312845875 	 
 628.9091458085971 383 8351.27312350316 5310    7928.43089812029 5988.815098212325 4330 1001.8581747274735 4156.695088369712 
      1475.878876236515 7803 5203.493458152934 4574.963932224958 138.6034228303812 28.22287123496303 	 5375 2989.8876530303373 5835.233327619061 	 3743.3426088916267 1875 1550.0346112799468   2860   1474.3724204023167 3197   4380 6104 1586 7820.765189700184   2508.124941163965 4653.981649448795  2525 
 6244 
 3218.22161405985 
 6711 
 9115 6990 1707.3460596689083 6877.82013576763  1780     7639.145904215266 4810.5646520402715 7192 6425 4661 7991.192833851348 2912.8974413666942 	 3318 5285.7744059071965 3561.9222320959043 8031 6997 4303 5988.437068338085     636.1746309175409 5518 9550 851 8262.38314020445  2998 	 2113.8509274548724 7768 1218.7219943623118 4263.334268675802 965.3888160414725 1644 3379.4019596253434 
  683 6405 8937 6103 1476 1740.066974227854 3119.75886055199 4759.574669679644 
 9223 496 7226.280146599049 2151.9939002102838 6887.507409620155 870.125189386427 7830.156818109402 2656 2439 6148 	 3511 
 7849.8448178338285  8773.700243147441   7136.596526816618 	 4013.4964487902803 3778.531863918445 1080.1166818669649 9369   
 4310.3954012869435 1463.1772682188005 6349 6383 7412 8128 1260 1549 1256.2350275721624 1895.1275639051935  	 4066 9267 9003 3712 9922  8620   4052  538 	   6885.764568803503 
 
 3995   1409.0984303860378   1085   8319   2535 4713.241028047648 2154.278249517537 374.1909891376549 
 2817   41.03302453395297 7201  6214.384267964324 8161 	 	 281.4239816320141 5487   5878  6535.032501877073 1034.358976904034   5634 	 8277.78091367938 6163.287870366278 4149.3039103801075 	 3777.5829052075637 2737.8228299612674  8108 9451.840872339573 	 2757.7946136680307 	 8564 8848 8646.696267225863  1862.8689286557765 9178 2134.968895953998 2383.0676875871613 7761.844892316668 9930.107413087198 	 7039.704204889862 5855 5724.332247344687 4704 
 	 1915 6986.3242910511135 	 2187.642153646756 
 3992.459525300074 7008.517165162877 281 8311   7906.719098117919 8325.863912625482    1426 
 9733   2920.6144608932173 5150.547073600122 8966 1388.0225624122322 6369 220 2086 3540.590126577937 	 9507.497980201322 
 5220 2158 270.84966922231945 	 8838 4886.5126370861335 5074.929079119849 9150.92652647905 6223 7313 2971.582331551597 7003.053790479141 	 3477.0974097562025 6657.359785481606 2000.5247700371476 
 	 5748.223934047384 1602 5153.290589730912 9911.027806540544 5402.178229219025 4749.1141480787555 3716.926544460195 7073 7458 546 	 8861 5143.4873880260875 
 
 2894  
 4992 8252 2424.9215901310704   5555.16404895619 	 9790.79356466282 8844.507356425003 3967 2277 8197.161878393495  9823.82691809329 	 3274 5020.5280847734375   9703 8146 1884.8001477384203 7984 
 1203.7551102981047 
 8578 
 4679 5993.333480572886 4168.907224948334 	 8540.160460137478 9889.555319702986 1184.103995021959 3712.77767622758 	 4335.4211541256045 1842.4479606123678 4834  5331.322992654841 3074 	 
   
 9546    6307.884267920469 3189 6463 	 	 6574 6893.860252643567 	 9074 1513  4781.0206438074865 3075 2738.540951802565 2997.134975476887 
 8977 2277.876980919478 6134 6097  3526.55406174759 	 393 26   8862.847836337934   7417 4785 6639 	 3890 
 62 8704   4002.3648875818762 3256 597 469.0108314552266 93.30642072411189 5225.640495874803 655 3532  6269.521881124581 4868 7790.3164797340205 
 	 	 2662.291254733856 9585 4576.323988024291 3120.89747515638 5021 
 7204.413850877925 5436.877577680921 8915 2404.6366089283056 
 8783.333059922483 1038.6664874444407 
 1286.555782180936 9478 4062 159  3312 1617.5833358748814 8315.685454857648 	 4021.0852912648797 2178.983182830432 6317.19824198168 594 8544.723719888856 
 9218 1419 1685 1388 8189.048727646662 386.04120850518564  5999  7162   4495.172620420193 9457 	 7340.395460695259 2232.052765289604 1274.0009341651992 6471 	 
 8702 9354 2838 3364.4426342109814 
 6790.084169001289 	 8845.97136999674 6937.9177597655  3366.274217546622 3098.5277663074985 9902.851166878801 8025 	 4281.625685262637 336.55131156570263  9867 4588.665327541808 
 
  3989 
 
 2881 1824.4597449283717 2274.8971054481804 1371 1670 2419 4643 8372 7947 6442.108465396813 3578   
 
 1445.823410812046 
 1130.6565670879431 4459.879482813765 6913.078368836561 	 7055.8129744208245 1760 9751.708439163054 7100.673427126672 5559 3003 9649     	 9926.34864282843 743.8956318911883   550  9980.394701504614 3273 4105 	 
 3959 575 8983  3700 6840.7223340775845 5877.085897612086 1233.0150085114856 1890 654    9977.88011491298 3079 8296   2261 2481.7639394775006 
 4543.422303603887    859 8344    2706 283 8385 4207 498 4717 
 	  
 7579 	 9096 2070.3611066600015 
 	 	 3184 	 	 5973 
 4152 	 6782    7228.221386873426 6941 1737.8069135778528 4503 1004.7195615870686 7842 5459 9091 6689.1336927742905 4227 3960.6046214273515 9010.161187012456 2571.3936608319245 9260.752193098764 181.57555272751424 7339.664686617973 2761 	 5156.24053202844 6223.17013904128 	 	 2793.6868892192592 	 
 167  9804 9762 4826.069086303572 108 3690.3993703529304 9521  7637.826533127899 7339.312989197611 5715.188264395246 	  	 635 7604.469503271341  3732   
 4438 1489.78770805556 4221 2461 	 4975.207791428924   7035.536118392234 1970.5658345129696 9754.721672288702 9844 	 	 4103 9140.68194086102 1894.0570285735803 2262.2953654800335 7666 755.212311421416 2960   
 2651 	 9555.42008898729 2256 8174 8667.047622740416  2865 1957.632020071236 
 
 
 4111 
 7483.251943314512 3298.9713597689697 3671.6149224315986 9816 7567.932319306789 8374.618662267987 3663   6856.891214120717 5828.54607613267  
 5069.370392200541   9522.178228455705 3304.163308165905 8531.463737536606 8044 
 5143.245485180932 403 4620 5766 5838 8667 4728.306330051856 
 298.05501321793605 8588 8891 9503 8327.999516708805   6926 	 3617.1771833145317 8382.154856098963   2868.292952074841 9735.771668742813 9806.275770954788 
 	 1346 111.0227500128258 
  8112 5752 365.8090497957245  9574.961548414933 1910 4257.1741802402985  6146 442.2272161749896 5999.853772622035 	 1730  4279   7367 2158.7211314305587 	 5311 7429  9489 1796.0135986058967  
  6174.462258668987   7784 200.3908214787009 6207.031141212997 5811 9646.788693069971 7296.762469775326 7141 5011.5469398482655 9632.757382013819 7223 5450 7266.694959219142 
  3899.0499638447786   9010.759902503989   	 9367 	 214 5509.851210526295 4109.814951631143 4446.442212113472 
 
   8193.845111031045 	 2580.50117261186 2774.0654911757647     5193 
 3808.6008834096106 842 2917.428164312658 3135 1975.3117934428942 6484 290.0221164459682 5238.125927085049 4755 3149.6836301382104 	 3431 7056.229711995553 97.22462930061737 
 9400.341657638386 117 3029 
 8259 1541 5598.541843711129 2795.8870595628728 2504 3314 9412 3583.6411933015943 7165.893120435196 2653.2522013762905   
 	 6276 4622 2518 6762   6255.268919166341 4837.388009321023 8129    	 5300 6614.894487472015 3679.2530530313074 
 1036.086465949908 9232.775920683192   2646.8882989383856 4035.708234519967 1195  772 8144 1853 619  547.5888827742892 192.00237521446283 4103.840725182617 
 	 9412.174033425381 7045.199539984253 3147.2032294771034 2563.6158287809308 3119 8106.525368894847 1899 1913 
 3923.6616454782193 9287.814123605302 3489 
 5826 8869 5703.846871575601 7271.511962290071 1073.564209810217  8614   7491.6511401193275  
 
 3466 8879.900242633632  2480.6600983559947 	  	 161 734.016048394538 383 9867 3129 4791.471257179415 8349.040271909416 8607.583268206376 1351.4830002610968   901 9679.577274784555   6010  909 2781 3603 1658 2048 2819 
 2822.2482010287385  6796 539 5102.282593394178 6022.336376989956 1892 5388 1010 6568 9374.158778590052 6989.481027648014 5148.8609745437   2418 9069 9909 7089.007547695919 3568.7211633368943   9990.74248910067 9964.136600647864 4930 5747 2375.4915454975066 2292.9200514042336 	 6897 
 7954.726974239108 7744.885753610901 4972 6741 
 4912 458    6044 7251.631705872142   8269.466882121184 
 6708.163892186575 4714.886311408597 9681 7810  3022 2455.375080168083  5194 5899.862724761323 5145.725441962355 9465 
    5239 
 7927.530310655163 
    3926.8196491148333  
 7324.062820738223 8338.627960908489 6250 9164.737876380777 3131.024569370553 	 6373 5414.224727374519   4402 7977.57089525866 3539.1538338633886 8750.802709495418 1845.8193514830446 7964.487779756826 7452.054486165184 187 	 	 2432.8633373041066   3138 7357.3996342633045 2519 	 8823.317038311525 2657.136752585697 6022 4849.458883921646 7319.496189543868 9840   	 	 9817.323459372094 860   9839.8361646431 9272 2314.296189323769 9625  7747 8427 9627.079937313176 849 2108.320608819735 	 8371.874130412723   3649 9422     
 7804.473840044058 	 	 6231 4825 6627.352122360844 1361.218048511621 9357.617244966968 8820.553197068362 
    2673.6720880374155 5476.117650741661 5220    
 9309.784441159933 8201   9906 8290.812783151685 7900 1011.4466752130346 	 3793.617861558164   6072.020522283128 8001 6364.149515640564 5905  488 5315 	   8362 9437 2338 5592.576982354517 4290 
 1105 502 7330.4507836001485 1755.2403261933857 5179.3993070251145 
    5072   4181.845472916085 4748.699251816505 273 
   5671 3869 412 6088 8652 3020 4119.945513273654  7808.498146069896 4974 7777.147053490126 1740  297.3023890000626 766 	 1613.1037339166999 	 5422 2958 794 6188   3022 2515.050032602093 1925  	    2422.993815080816 8533.790580376002 1140 7050 7693.155578470508 	 937.2387289428375 6806 6801 8797 1214.969992631495 
 714 2609.9496074242034  8408.028816057664 6487 833 5261 	  7457.72250648952 2348.9508929078484  488.7673335510534   	 
 4049  8711   289 8965 6569 5729.07416651814 201 7338.2780777171065 1919 1552.4637254378915   9400.64184929356 2889.3161174394886 5753 1718.841084015711 5151.276342533512 8388.468052598348 
 	 2843.8397836194995 9430 
   7686 9558.06332126163 5785 9685.236426128266   9858 560 
   7355.537695834474   6073 9960 3834.266612254589  	 7512 	 6971 1515.2656487183424   4709.0642747300335     
 401 3643  4346.907540331532 3203.723981693759  6118.268039438418 6846 9338.429495108117 5479 9422 6286 	 9741     
   	 1444 5567.126558989972 421 567 7609.590751992489 9908 6258 7963  4788 
 9045 801 9270.882369546873 4837.009717537584 9284.46374853012   2 
   9541.436541007624 7038 8937 3343.7553917742434 8689.958413758573 7378.751747968307 6857 7148.265498127422 852.3390862619118 5671  908.4090999301364 6702 4774 	 1439 3983 
 
 2566   1067.4085671280232 7132.287107012117 1229.6895617571902 2564   129.46233866861445 2638.711210562159 4339.315226333783 9853.855621324832 2516.8047662565473 8140 7061  4997 
 
 6325.180813978497 8881 6727.871024875998 9221 
 4015.0089756994344 4193.302578269836 4311.823248416304 3205.682970097721   
 5626 8605 5261.030655045428 
 	 1840.5983839345597 	 9180.80910875839 7509.175858723907  5365.8414591211 	   	 666 	 9149.03559753523 6726.810559390324 
 7500 2566 	   4024 5361 3828 	  2968  870.6518021042664 2503.8389997255626 5550.014398419595 1081.3531163993473   7389.399385356695 5736.416888633318 3000.166224970374   672 1185 4605 5847 3621 9621 5815.05948305226 2502.802551972262 7621.20413839427 
 	 1322 440 1534 	 8419.06393513901 4131 2189 262.2725318855912 8703.361515290419 8973 7726 9249 	 9434  1465.3331763430356 
 	 	 8690 3868.012079780916 1212.3098060602922     974   1422.0103655334194 4130.66768680584   5553.010441536834   7464.06685619303 2270.2250156486493  4127.017289419935   5241 
 9942.812747574226   7566.30284266225  
 1545.48685971323 7242.466294093311 10000 7539.285307847627 
 	 5280.037332368017 2418.786721373355  9099.589316956748 5292 7976 8455   2012 3557 1883 9549.373298951434 2551   	   1256.8749334579477 4216 1375 3486.2421047716784   1920.708627732861 3315 495.13527044761975   	 8076 4117.112827654763 6859 8828 
 3159 6402.0727196878615 	 2810 1489.7125372510923 9448.455610279438 3808.3576926447217 5788.005733877913 5356 6860.241465456163 4389.0481257910005  973 
 5438.955308626908 59 5947 2686.1512055599824 
 4272.746571979011 9139   205 
   6576.897753944987 	 1415 2714 
 
 1306.7400724599765 7220 7563 9632.731295281108 5223 
 	 5701 1153.566554260944 6964 3589.7032205595815 7932 7945 
 1836 7892     6456.373299165942 	 5068.720311234185 6296.159227839316 
 2191.8956206504226 2156.530869294793 
 5849.470456136821 3460 869.4422833154913  2964.7825798745366 
 6086.684047715161 9539 	 8476 554.4797122903544 6637 6494  1781 5513 373 4499.2634401866335 8025 7293.4295761006115 2285.1974722049263 3232.2918240059507 2570 5468.275047800909 575 3805 7462 5024 1825.0564067929697 7645.764589145375 5672.864357790692    3325 2393.7215330038375   6057.853718789949 719 7574 
 2309.727014091145    
 2133 9985.692768697154 2925 2244.3702609552497 8112 2891 4370.08763791155   6166.870810780953 
 3894.278924116906 4998.387436616057 3453 3565 
 	   9261.751342759731 2492.490299196738 5395.0641490579155 2510 
 7038 709  2729 9084 2488.160198519498 8336.118243799117 238.6170946709476  4181.747335496508 5581.482740310582 263.51765929264025 9020   6647.457466588329 7635.224758585561 4448  4698.799537038335 7410.6640394237065 1378.5918455469225 7510.533275814699 7564.192071341269 5646.808853574143 4101.785192539988 5291.9938108960805 1989.409997103324 533.9144355367221 8503.909632140574 964.0745072952773 2201 8271.858692814463 3103.4089649482853 2881.403715006877 9708.934453809476 6447.325774922484 3264 
 2482 6759 1660.7971094576878 3965.010016760724 5882 6305 
   439 
  7679.811373994195 6526.685824527636 	 1079 6278.608490358234 	 7746 1321.329885512117 	 1727 2601 1796 5564.56442735369 	 3223 4335 1285 	   8149 5187.773376169528 715.2565910774699 9066.243888821878 5832 8637 1290.2241150665207 2147.705765572949 6952 
 7967 5616.401779176713   8591 	   1362.789735433676 5623 1957 5177   67 	   7952 
 6201.729178792622 841.8121166002302 
 5425.717996860929 5664.650069840128 4548 1439 9801 	 1708.5929820287238 7159  2745 1056.8410746204504 
 8971 5405  3339.831141335775 5117 8747 	 2991.1298294247144 2624 1113.3519263910807 2315.4799447356677  2666     1961.46354231164 	 3007 	 4912   4813.137179776994 4578.336636424963 4993 1232.2667284796873 4594 9023.70994674389 9096.817109545327 
  1294.6551936393225 
   5707 	   5264 
 3508.2706793526663 56 8369 7722.0458778668635   9206.531310525605 4308.428153755532 7690   9163 7844.969375759458 6046 1268.2584852902157 7625.861562389612  7480 	 5901 1597.484336992766 3221.6943664658825   3667.825848282973 	  4774 
 1320.6487773129827 	  	 4046 7758 
 
 9941.407540454704   1373 4337.76181225614   4599.320728243055 478.39916166483977  63 7249.597807606268 7377.890895568453 8602 2783 1852.8496302545493 
 2749   1752 1580.0445942771523 2293.02963659204 5925.6212186787 8439.019678870533 3594.436244619954 2054 
 
 1444 828.3244411766799 2046 2376.0424199390773 7796.958575184301 	 1388.5739410034791 
 3824.4584015980354  8075.354638653845 	 7620 4521.191751184159 9073.01083048696 2771 	 
 2669.8126072784657 2076.4499283472583 3679  778 2307 8630 9465.48805002505 7800.784981544162 
 5165.417157856132 8402 4976 6641.842537614992 532 4200.695265126564 2827.534511013602 	   7158 5558.552833383521 9433.755790850535 2140 9945.050282377206 	 2657.5971670801778 3717 2534.7280248776337 6780.899822912628 6716.392434961586 2871 7227 7549.653006538223 9853 141.21303181566347  8998.95094670889 5770   3911 9742.057325505555 4678 9071.19922198094 1166 
 500.9428815670125 3540.33421869365 	 4795 8776 549 1253 3525 8235.911301614029 9616.450124346971   7282.907266668107 271.51150372607515 6800 3146.799197350736  
 5499.280444195181 8118 6594 
 	 2728   5531 2133 9181.462772791956 
 4691.634224212558 	 7915 	 1256   9955 6396   2442.6142172309906 4374 3887.7858577913726 
   3228   	 1921 4848.643583893725  3300.396909147006 3552 7369.7458013936775 4323.198895368958 5092 
 2788.705131362518 	 
 
 8678 2576 	 3897.747530129393 3036.7677148869852  2991.637186776239 256.2097179853218  6522.619638920542   3616.564829522627 3417 5454.795976455068 5912.043542926405 9216.951969238005 5568.48740854078  5755 2246.855604315736 3895 7878 6510.5007533657445  
   458 	 3807 
 9742 	 384 2770 4634.807831633434 2417.4081408715488 	 8984.809525092105 8100.717613015035 5032.8904073619815 	 7237 6653 5882 3282.6465386588557  6354 3192 	 561 6283.454291688971 5896.181762927454 9868 8257.719823583917  2701.253753584919 42 7402.662553440194 1246 6384 
 5131 
 9132.684773990864 5676 8120.977287522883 143.18278217110515 837  
 
 2293 4067 	   8649 4273 9816.535108322758 
 
 9780 5952 4161.490605054897 9604.100789179163 8369   
 9248 85 8287 3859.78273103149   6266.8843410777545 6297 2255.078244686224 5606.852694306159 
 
 8294 2935.696269606065 3388 9368 4003.1909119887778 5305  2467 	  4442 9279.752939255251  7311   	 7818.780285007411   	 1824 	 1356.0186588099389 1337.3063174561405 
 8240.701693504512  8052 608.5357555305083 2271 794 7803.30512325578 2455.6042650820054   7460.92970377657 7159 7915.776163851047  4631 
 7786 4453.638868169033 9019.397049812935 
 2983 	 8441 9812 4.476155325660036 8287 2209 1229.2101768882535 7443.023455728089 3411 5678      9061 3375.5733671184685 2648.9631325303644 658   7458.278061474984 3106.5759915731437 8334.847337855474 3884 2228.448683579624 8663 3547.272251715574  4749.653549180167 1114 4844   2735 1377 186 
 1353.3574185800535 7541.741501723409 3737.650462341322 
 4608.479435035142 9498.772020631195 	 5470 7696 
 
   5659.008080265273 4313 324 2599 	 6531.942524528361 3486   2999 7810.212630914979 7402   1588.1131864065644 	  	 6916.237374564083 7191.7215724923635 
 4447 
 6424 9504.735979026013 
 
   4497.412784257649 3719.6481253872994   7950 8471.415264753756 	   	 
 7674.04007958371 1756 6166.9041855921905   1870 1731 9006 6831 1365 7146 1199.065009351944 4137.8981921796785  
 6109   7670 6679 725     5161 	 1817 864.9028247019264   8073.562396251474 977    	 	 1245.483375829759 6556 5154.597117148213  1944 5.128674368033437 7218.178508513898 	 4785.086753780841   2678 3604.48745295337  699  8504.40114966439 8380.812502811097 7748 3177 8178 3917.3315728743464 9932 3314 387.069397595734 1416.8833068741537   2585.690179541635 9007 2313 8849   7034 	 6174  7446.005811995145 8236.191150458468 179 2422   7375 8798   8278.57872902119 6627.625691819226 355 4464 393 2760.856346798749 3813.865532376639 658.793124602699 
 400 8728.557505614624 5826 	  8065 7894.094290297172 
 
 	 37     2021.7381150013757  4209 7081.3334422288835 2296.8512016575714 3323.0183680798177 9807 7780 1567.2142276371737 4937.898006409719 9942 7761.9732320313915 
 4894 	 6761 
 2183 2571.1265814442318 8543 2044 4454.975167473402 	 2408.442454607941 2389 3986.4648248624367 
   4501 6688 1913 
 7130 2700 6962 4388 7735 1391.384961935278 	 5953.226602985688 1514   116 8900.88484334644 	 8470.169030751496 9677 8184 4247.029911112223  6987 3569.012578142531 
 2660.373829464483 	 
 9863   5720 5594 9166 1391.527383567498 9285 
 8781.797306255909 8927   6972.031822307468 8225.131302631064 2056 2109 718 6544 7355.132907534622  8853.0007623396   777 	     
 2780.5087369094194 3194   8557.637475185784 489.55348899230364 4629.654378251285 732 4232.9724786371435    4143.917372266294   1215.237040050805 7425 	   7580 1137.232001663968 4744.601043267578 4152 5757.764705481078 3143.919259541077 2240.841433031253   
 
 8331.53982522443 	 3915 
 
 6772 7767.362048237461 2507 1005.8200583214805 1995.050134942471 4104 4207 2058.4517503562583 6817.06173125192 4669 6383 5615.525799203799 6188 1094.5290700417797 7949 9119 3805.444850958026 6461.98932865966 
 1538 8409.012158181593 2662  5553 9450 	 1269.909124873696 7440.71199163938 
 5087.004388039251 	 9234.680951653072 9953  799  2148 3583.8641428485153  1143.5686435134696 9729   9734.382667241362 6899 	 2803.6478981113123 6001    4845 4467.414185296689 	 4168 7728.886090556331    	 8255   	  5534 
 3094.31991647824 346 
 4695.8057720521165 7611   5233 7741.757897169674 238 3222.2112210835317  3986 
 2601.4603817218685 
 8483.720079010209 8431 1944 	 6037 4003.113770482063 7090 4409 	 660 6129.741118047789 5584.509366110072 8083 8288.256734718827 	 7806 	 269.1626944892511 6922.104608415416 
 6877     9773 
 7550 1353   8242 4234 3464 3948 4707.115620767122 1256.5534655506383 5226 688 5399.738962849341 
 
 6099.465147454804   6108  2329.189969200918 8249   1924 	 413 9441.903801717086 4470   3335 9809.93490856245 	 744  973 6208.50083513115 9711.678960786865  6350 6690.037520505145 9560 3346.5616197888926 
 388.8936325887316 6194 7520.669787403479 9900 8910.992623540797 7342.056088913973 2587  8086 3565 1070 2018.2824991471216 	 4077.72374337834 3730 
 3504 8395.344618841738   8734  4389.914020686308 5220 4970.8182368100515 	   8888.5207404136     778  8625.673568392362 8823 801  4520.501636005255 192 9518 6654 2084 8669 1865   44.027438329538036 1873 4610.941540273454  2435   7843 3916.368730127122 	 3593     8097.065689281038   4325.735621859671 3937.986894095774 6831.852011019852 	 5893 1817 4251.061103914875 3815.192631041956 2610 4059 9882.956043108125 4214   2719.815435966586 6101 5491 
 8880 1801   2231 4438.284613687248 6875.868331742544 5683.661419717252  5671 2276.325874927244 	 7516.373809813278 9494 3793 6459.793731429726 	 2998.288198466753 7811 2943 5384.575576539451  6343   3675 	  4772 9908.926949632258 1938   9823.996044394726 8970.311827571048 	 	 9645.90405268998 9059 3464 2034 8581.812162973269 6834.884214113967 9542.379714053704 
 2342.663854255692 3507.122569093957 8293.048268661882  
 1336.7450625712152 112 9318 7457 
   2259 8524 2316.0577448319673 7451.585937707834 5452   6967.039257237259 3177 1767 9664 2991.2940965945268 3003 2432.486044477322 7975.744456525708 8778.791414864083 575 	   
 8741 3219 2432.6432717044213 2977  9944 1153 7627.352355636561 536.8715349024211 4325.686804000347 4465 	 2477 3658.4208104441595 	 6120 9087 3664.2826020338025   3115.5529045348108 	  6826 	 9967.555666313867 
 6327.051529566516 7148 8661 9221.164039723622  4340.965806889843 7105.293255588392 4466 7874 1340 	 1435.1830767861695 	 
 4695.954534237565 3139 5772  
 1766.1300332194874 169 2774.361239781733 
 8463 3733.6152241455566   9220 2286 
 7298 9963.18985196014 
 8960 
 9416.141994600157 7638.771618164436 2127 5945 2721.96444490411 5368.403722457291 6860.1697627027515 8175.247240039729   4486 6541 6431.926948359116 1538 5385.872676665074 6451.977661498268 2962 1869 2457.4737632343613 6856 7415 9648.14337892305 975.0135815156913 7685.316647156155    
 427 9920 4247.271187122263 9045.48695142852  2670 7955.6552818703785 	 
 8892 6144 3375.4085993845697 
 7916 5252.37204245525 3923.761620839267 6735.537932370178   318 4284.610118752028   2370.697797028608 3851 9338 6370.0707394041365 4641 1707.3206140030595 547 746.4337048724867 9786.230312464502  	 5563 9006.210180799768 7790.6765085081515 
 8268.778933105817 7440.899359016939   2544.151214020921  9073.908237075362 2350 	 8892   1993.8340658989139  5180 7805.288094232598 4396 8867.627380706484 5217.214199377821 7608.746786912604 7522.059545654012 9353.063313900222 3125.6445812809743 573 5484.677718796199 8015 1657 	   4861.757825667422 	 	  3700  1965.5647745271776 6362.703753142226 
     
 4830.888973756573 9059.727515376635 4423 	     	 3597 5593.523445964697 1131.8642813323565 8348.346112820307 6000.401550283319 7113 2361   	 8703 9786.747328047282 	 3080 3876.915805092972 9734  9481  7784.934134339772 4153 3057 	 6462.443728669781  2235 6899 6404.04698229727 
   9360 	 8300.334243809479 	 5772 	 4417.012793045617   1626 6914.285075102978 6365 	 3254 9937.928983076185 386 	 8188.701438346203 2787.203669717511 3249 6095.712849946101  8186.852280991803 4573.865131750884 5949 3555 61.76265956057914 	 643 
   1939.5149159787384 4721.059405918563 
 6102 	 3753 8866 613 8494 	 
 6848 5860.183333855555 9077.097028026796   
 79.50994344080753 8420.732901081848 7104 5076.08693671482 4817.4284420632675 1881.2667921330694 4376 3630 
 4974 8349.193534585982 	 1626 5723 1233   2238.7838426856088 5880.494804735404 	 8468 	 7051.763957420371 187.0594864842734 4917.213044994908  3871 5160 955.9739245823417 3188.2097883481965   5921 
 	   
 8973.615501997376  
 3380.124057637066 7710.901924978032    	 9443.003535807455 8629.75780213356 5140 1577.235196223733 3658.183601804427 5999   1976 9280 7736 422 4121 8262 
 
  2786 6815     4851.281093386792   9731 6151 9575.750272756908   203    9792.87943539745 4705 7156 335 3724 
 491.55030493411635 2394.6040943283297 160 2860.99985687844 8639 8664 896.4961437759755 	   4054.683865941797 2672.170513929253 583.737574031411  151.00684104943474 
 	 
 6304 	 
 9201.271255525708 3010.480115491205 9009.322468271304   8003.053735447024 645.0839000859254    2380.0578571682195 2146.6190257294625 213.23189272367537 5165.257391959011 	 8855 3679.4230032025 9970 956.2622497173423 4065.4117194401106  4496.148031752901   4677.756003914879 1209   8102 1596.2701750988006 3281.92540997854 5336.88835186763 4958.1788762442  	  5642 2372 7180.558181664285 63 9562    8665.988305957306 7219.037366961439 5912 8870 6296  1445.2972623531446 
   8351.41477432701 	 6692.752039798312   7964.067639415604 	 1200 2152.6039937781816      1140.7589263173145 2538.9202142221 
 2510 2227 6337 73.536035901276 	 5510 4698.332311510119 838.057612879699 4346.06861600933 
 4698.070858096459 3866.172828195619 	  2475 9305 6611 9136.070354616812 1454.5146232351847 
 	 3732.6379857205447 5087.890107892292 6565.174237286071 455.0536475137723 7021.531127072288 8596.429541263542 	 
 	 5651.678628395277 661.8773139006573 7040.691419489662 2049 4091.741853175759 1450.0452004110698  7748 2070 4123.159958330748 5442.59895126884 
 8529.783911463028 	  4805 5157 6406.095711926054 
 2435 402.3128099828655 	 9105 1839 1331.9174560219537  8276.976326917678  5417 2468 9713.530945396398 	 9920.619253577326 1752.1672828126789  6016 
 7767 	 2291.076094335154   7295 	 4683.546874432215  	 9531    3354 	 8946 3367 	 2015 3878 1508.594403443253 4873 2215.2909097270835 7218 5599.932111192191 9442 872 2406 7235.403578377769 6257   4909.455151737297  2399 6137 5484.974438602094 
 9654 3908 	  6566 8880.900976967525   1307 3181.4040575763947 2266.640498957648 8322 412 9483 	 1468.3163801110165 759 1548.0721727236469 9728 5405 3586.361615977287 
 3522.5433410310357 7032.601799543451  8420 9795 8817.186280935188 6194   2341.594153151283 1114.5052479213525 343 	 7989  2726 490.971910083956   
 1247 	 5348.221319232044 	 5285.892046005785 4121 5239 343 6535   7851 4336.5183463186595 7331 4488.32533102873   	 6110 6725 3634.834218199623 35.794863140747864 8030 1877.1436930520458 
 241 8570 2637 4262.630353042043 	 
  1632.4491827607856 7520 5240 8578.771789781047 1764.152946387315 318 3910.6302521356597 3718 4084.187552459345 2259 8339.29634672169 8543.2018238547       	 	 4331 9191 9081 8937.28196462285  7335 8838.374170468021 9580.78683443364  
 	  341 7186 1285.1573265315808 6592 4665 4328.785918044819 6312.383670552144 8602 3188.191032168146      	 4496.075787380636 8284.341070266692 698.2183971954581    4291 
 7120.909279010595 
 4176 2009 	 803.4868940510175 	 1506 1336 4490 3369 7763 509 5727.411939118408 7221 4550.63136254756 7014 554 2361 
   1674.1764279223448   8358.109253189317 9121.994975531255 7760 3151.314539362141 2631 8201 657.4500432540076 8575.691012988762 
     9039 7553 8131.840723729819 9590.952913083374   6363 2684 
 8716.115701014309 
 3305 
   8144.156074636612   
  5741  	 	 9119.162434354135   	   439 	  9654.644444192885 7736 3706     5034.664622332121 9845   425.26893756661076 3555 9215.698535595022 	 2503.0245481782476 
 
   2914  3369.516876383616 3669 6193 8398.326369877019 577  3437.2739420294142 8289 1561.8202417030025 	 9486 8372  7643 7233    4750.325083868835 8188.661551493847 282 2985 9275.879503155793   795.4265876702848 	 7936 9845.43019469918 9672 6623   5800 9523 5997 1473 
 4109.504150065885 1606 2333.866765589072 5912.573636807236 1844.6154274518622 6624.382325058949 	 7030.934477709668 	 1697.839949686204 1423 
 	 7339.263618439547  8129.989390748652 2036.9173581661903 8794 21.877841844959445 5999 4037.4971574106844 5237   
  839.3642513295619 2240   2772.0815355124996 7391   9668.849875043823  8049   63 8032 8590.214385188829 3427 7309 590.3309158966963 8760 1258 5968   1557 2185 
 	 6610 6015 1000.2210955055446 5932.717080668618 6129  1867 	 224.51552205254964 
 753 4212   	 	 7141 
 2953.928363214998 2548.9737103290367   2781 3885.341797101881 7683.601004651598 4283.90198169333 2268.473623594611 8490.211997031487 2350 
 231.33532681603896 9392 	  8496.937844374406 
 7458.033592610281 3246.529585044796 8711.505399094422 2831   2319 2224.1006846585797 780.0007650580932 8077 6128 3242 4856.248410604306 1905 4278 911.1117385748857 3289 5347 91.45472578376945 	 7232.878066342959  787 3571.292666834388 6911 2129.840169804175 1269.8331136724294   5174.162753021529   2287.6355159378404 1441.5468355840499 	 
 6329 8502.350313593544 4087 5027 4751.249684375886 1635 895 2908.683196153644 
 
 
 4035.056136652161 
 9089 6472 5774 4097   
 9614.782898330932 9898 1881  523 1527   2141.630507937895 9162.934042655534 2508.832008646772 8154 3181.351812763028 9333 1671   	 751.0291367490096 9860.27974917341 3090.1622758590565 9535.334073877395 7212.5761284897235 4318.0668116981615 2902.9122234022075 1783.1244477570706   
 8076.474365107036 7020.991793916554 656 8134 	 2156.14010891673 6462.166430676114   	 	 9017.527506625756 4265 3911 
 9221.393906947467 6510.699129205094 	 6733.226695339737 9426.890218360173     	 7841 	 	   4371 
   389.2011130014872 7550 4408.182322115152   1605.029541961187 2366.063761314705 6017.758669961929 5648.560051978463 1330.583812349624 9380     8858 
 2556 4437.350543414037  
 4144 9195.622813778016 5994  1301 5568 3140 5385 4306.098715444391 8832.904753447727 
 	 	 8377 
 9468.328649118195     5888.098206777703 5788 4659.728250507222 3752 7699.312780335167 370 334.4799362051643 9772 8878 2609.944239868157 8217 1126 
 24.480692021107142  
 5867    7653.934172698018 	 	 5713 
 2011 3748.264160039592 1881 3427.865936073655 8318.29873191816 3537.376410610945 8687.741593437782 5311.41093039003    
   
 
 585.6429169659106   3674.4882579512773 6161.839872295846 1804 2527.390633056652 	 8622 1908.9994054376102 
 	   9867.369339624001 167 	 7582.763739363795 8819.275522165904  1430   
 692 6877 9337.328985978846 9360.682866628124 	 
 4063.4642204656925   1496.5352091793304 1065.048806759844 1536.2282849767817 9077.01305614279 7.001220327531588 3572 4037 1156.503407708327   6483.212003112751 1357 8734 285.09975858488133 	 2120.5020975483903 5987.130254641393 
 2482.737857179317 2759 2627 7960.487331253038 	   5065.128937584961 2788.723813669425 8999.904227360214 3962.031259762415 7815 7748.950438005025   6549.062699830773  4859.231580184817 3870.8922927483814 4761 3651.130313729729 5670 6585 	 6315.530478397215 5442 5210 6792.159198429689 7305.727563242546 9065 7898 5292.5069180803885 6490.413771844554  8051.478894968404 7263 7456   	 4916.784745978359 9152  4589.885087656642 1788 	 7275 3600  
 7936 3028 	 7176.620887853765 4296.331716770973 6779.086037747416  3498   	 7412.447091706722       8815 8869.423855634022 5782.143255833353 
   6059.738914674852 5236.904134976577 
 2864.3729211889035 	 5764.537805297292   3029.707689274428 1857 7948  6029 6131.999322129404 5364 7878 5834.2618017060395 78 4362.969961096944 
 3046 5923.10727455659 9851 6606.97385552888  431 1381.9797678500133 1923.4682607245868 6889 7242    1612 
 8671   
 3228 	 6253.516735375859 7520.97350979234 
 
 	 8909.750459022198 7137.292014887013 4205.418525061038   9151.867873383977 
   8487.861817704725 1983.2299471922988 9717.498844439311 1284.2195771529275 465.6625431174777 8743.293656261487 5557.735762931623 4348.76958915409 	 7935.285914187097  	 9728   4322 1667.003884255085   5178.172888878388 5109.126584397697 4263.225715296451 1144   
 467 
 9446.827559194595 
 3890 4564.430139560337  292.0292807368796 6253   1716 8024.010030747104 2301.902881905238 6655.183922519883 6546 633 4954.381915696103 3749 90 3650 7921 8742.463009188868 6348 8050 6326.3133961232825 3284.432492186483 1702   2255.441653734337 2428.535670672685 444.0347989570337 8929.81027536879  8314   923.3229585389058 	 4375.849791636506   	 3183.693212069154 	 2735.831246624031 5196.610365643386 6955 7598.242597143714 1523 6632  8869 9317 2769 2400.438354734974 	 5774 3774.7937672212515 	  	 309  9532.171544817653 6812 2172.7855318676416 4172.579523223691 1858 6624.503217980373 8911  5752.721931361265 1631 9041.327738682128 2191.382420071347 4903.794159595099 9019 6908.145033313913 4321.1280584812575 4495 
 9365.183115682727 6735.567552801554  949 3504.0892611559902 9063 6823 7498 4811   3260.0819358795984 	 2498   1412   
 5050 1401 8964 9830 5902 7982.472022781454 5629.19977332187 8157 4645   485.8242414526126    3252 8049.047139678496 831.8960934026443 1165 
 882 
 	  5775.4484426284425 3877.769892939333 	 1711.0547096679118 4566   8062 7923.767696490956  
   5229.470758843583 4535 	 3301 3199.9991113532446 8295.462653944462 2116.2783146770134 6470.145820119022 2706.2749580332024 3393.2691865592724 	 1267 1867 9846 4175.92463483249 5475.61194441679  8683 3240 6885.146046936835 8605 2422 2486.987031481089 9570.94367111235 7605.805502814485 7491 7704 705.7932045232196     2697  6324 8110.489338023017 7323 6175.213667916029 	 212     1078.251978370227 9264.352702408332   
 6937 2980.4948235171046 2479.977586317701 8992.05872669811 809   
 
 8428 6366 7560 552.4493797590712 7665 2950.4197732362113 5153  8951.501085362386 9345.031634129775 5760 6741.916183691442 652.4882595005188   8613 9905 
 8804 5897 
 569 	 813.5901663263056 1974.3090065972478 5680.997779407864 	   7577 7962 131 2298 5537.790537355079 3263 6074 5412 5361.149026764928 	 1290  8365.219919261852 9076 	 1370 7495.0842397704955   	 3629.826680421351 9464 	 3461 
 4282 594 3038 3412 	 1847 3352.0677715328416 
 1325.453316416384 4791.082758420744 	  
 	 
 1962.1622070389 
 1387.6274422944246 5509.490183914343 5701 8837.808204041721 